-1.854741396450398838e+02
-1.699554759235483345e+02
-1.657535155914126221e+02
-1.511693805399576149e+02
-1.416700141173258771e+02
-1.283590396193894207e+02
-1.284818809917955491e+02
-1.181168816951832810e+02
-1.248294376880085963e+02
-1.146075800245726555e+02
-1.024699880772800498e+02
-8.920569945574668225e+01
-8.546539741829894865e+01
-8.240853898253529053e+01
-7.295408980173000657e+01
-7.121805150226673220e+01
-6.949859781344117948e+01
-5.373806943531287317e+01
-5.355740085942640150e+01
-4.974622673696214292e+01
-4.465674131891505283e+01
-4.518215382437060867e+01
-4.419811051147980407e+01
-3.332028594960336676e+01
-2.513119912386691013e+01
-4.042104265632893600e+01
-3.270789138222568226e+01
-1.431603975889490066e+01
-1.622382411619436482e+01
-2.456883348591843585e+01
-1.560003979754381120e+01
-1.737092795045655080e+01
-7.494579544131863003e+00
-7.840203313309518585e+00
-1.630841000221998272e+01
-8.341215395759601137e+00
-9.073822115723835680e+00
-5.142564880640511760e+00
-6.320948767828936887e+00
-4.447159721518778142e+00
-7.350076312954587188e+00
-9.410623570115067338e+00
-5.269322448155291383e+00
2.575225445789301126e+00
1.223689328657327158e+00
-7.583485453495870665e+00
1.708192182090773059e+00
-2.404093041479130832e+00
-7.688621713011698944e+00
-5.312143462849953091e-01
-5.965695877829888083e+00
-1.163425778491546048e+01
1.579338918455470475e+00
-8.598523301828478793e+00
5.477346314686754036e-01
1.867760306673371229e+00
-1.090945382983724121e+00
1.879452272365508936e+00
-4.007658896915826219e+00
-1.175666381696517382e-01
3.486812235419152195e+00
-1.175957283611525295e+00
-1.760746618327083901e+00
-8.968160351595730884e-01
2.617880168576367073e+00
-3.139717826066676487e+00
7.554118980645049497e+00
3.104854188413756155e+00
6.885172700435498783e+00
9.877245450656971570e+00
-4.614714127261423826e+00
-1.977634495123745673e-01
2.473565122261754734e+00
6.672744509509010769e+00
-4.788164545779728165e+00
2.404593538301034172e-01
4.069580432403093084e+00
8.682846677104183897e+00
7.672380114257515871e+00
3.955091143725432801e+00
1.184006157838125262e+01
1.033775619570003101e+01
1.922451405700058302e+01
2.115038925283180404e+01
2.418596177836669980e+01
2.480700702859767048e+01
3.279449802585875773e+01
3.470797754347837838e+01
3.917711486429568168e+01
4.020927200294224946e+01
4.313695328618657499e+01
3.874493552861456891e+01
4.324199479161978132e+01
4.289530547916133685e+01
5.434164931310522917e+01
5.542959572553199621e+01
7.387737097324053082e+01
6.665868352533841801e+01
7.323739750757248146e+01
7.877602261249178639e+01
